0.7647058823529411
0.8823529411764706
0.8823529411764706
0.8823529411764706
0.7647058823529411
0.8823529411764706
0.9411764705882353
0.9411764705882353
0.9411764705882353
0.0
0.0
0.9411764705882353
0.9411764705882353
0.9411764705882353
1.0
1.0
0.0
1.0
0.02197802197802198
1.0
1.0
0.02197802197802198
1.0
0.02197802197802198
0.02197802197802198
0.02197802197802198
1.0
1.0
0.0
1.0
0.4065934065934066
0.42857142857142855
0.42857142857142855
0.4065934065934066
1.0
0.4044943820224719
0.42696629213483145
1.0
0.4655581947743468
0.4845605700712589
0.4821852731591449
0.4821852731591449
0.0
